-272.0 376.0
-257.2142534532768 373.47205104785104
-242.4448044139334 370.87561232176563
-228.10514060389124 366.47301437696365
-213.76547679384907 362.0704164321617
-199.4258129838069 357.66781848735974
-184.9740243907968 353.66162764351213
-181.66326307164042 345.1885387363507
-189.60259285267173 333.11524246477626
-204.4904426793536 334.9484785070732
-218.8369681338094 338.8200151993414
-232.68665568330906 344.578978164087
-246.81036226217435 349.6316744069583
-258.62494498829824 358.8181701294291
-269.85732375069637 368.685558449218
-262.0033682890891 369.3326395479483
-247.41246047310304 365.85208844876826
-232.82155265711694 362.37153734958815
-218.23064484113084 358.8909862504081
-203.63973702514477 355.41043515122806
-189.19099352285951 351.456437910465
-175.09628724011446 346.323399662823
-160.45455695081347 345.9365207281084
-145.54643400077066 347.5623649035701
-130.57623132441714 348.5120273054298
-115.74584733248554 347.521590858926
-115.27999072093462 352.8434047465001
-124.72857313119671 364.2988295486729
-120.59908403899632 378.6259514392744
-108.50017269507856 386.0796383020829
-93.98096323339766 389.0195915100306
-79.52253424479464 385.223398805504
-69.17838859541648 376.4270783984226
-68.43078670203577 361.60996877021415
-75.33369272928975 348.292359554311
-82.3085478488326 350.62768977105765
-78.60975883469304 364.8306840312807
-85.13889079363159 376.0083092592581
-98.91459438073825 380.38337541622496
-108.90876561829414 369.9838409568279
-107.319715452577 355.823925200837
-96.60733846819406 346.2694546963869
-82.25742619459669 341.9003764653787
-67.43923215159577 340.67708
-52.43893792619451 340.67708
-39.5415013242311 333.430544743333
-26.20578043547448 326.56269389857914
-14.048487079844913 317.8352313371051
-2.1441593875701486 308.70857756677117
9.233729330846389 299.0500730027022
18.481653899064526 287.23970814681593
13.142575490592016 275.9873216350436
-0.3781917285060157 271.51487437184073
-15.268474024987672 269.70150182884475
-30.15875632146944 267.8881292858488
-45.0490386179511 266.07475674285274
-59.925168925832786 264.1663649962821
-74.69761604876743 261.5618241828736
-89.47006317170195 258.95728336946513
-104.31111078929166 256.80281781262073
-117.12955306883535 258.52791704064714
-122.09899999999993 272.4868562154117
-122.09899999999993 287.48715044081297
-131.51082573687182 298.92586021424046
-141.44147087047 310.1682404817438
-149.5198011730387 322.5967069681715
-155.2286942060661 336.43005747248566
-165.65579405308793 344.40828796895954
-179.21224746273714 346.19640690287883
-189.08579297860237 334.90384626346895
-202.74435145007013 334.3379312119204
-214.8593055323479 334.35973021727233
-210.75670673409363 319.93137237761596
-207.28696970678362 305.35558668022884
-204.59094174294995 290.5995621455908
-202.1156418001338 275.82833424681274
-202.7630688189983 260.84201831847844
-203.4104958378628 245.85570239014385
-204.24364350521785 230.88138680633466
-205.53023031511222 215.93637020449677
-206.81681712500665 200.99135360265865
-210.35158628920036 186.45471071384662
-213.46582251626148 171.8205614042696
-215.40021748267236 156.94551710307385
-216.58871621464226 142.00081619759416
-214.91852398850276 127.47121318600271
-208.97930642196408 113.69679771579393
-202.87645682464554 99.99484049691088
-196.38905919629323 86.47303594051813
-189.65967498279167 73.06690991710309
-182.5560946621936 59.86749923245178
-174.79007144373762 47.034038661779306
-167.0240482252815 34.20057809110665
-159.1707358540682 21.42087238646978
-151.20584076064935 8.70988214182572
-143.10421213740827 -3.9024452348767293
-133.55187976859207 -15.46798772817454
-123.99954739977603 -27.033530221472176
-114.43292173912376 -38.58658988002358
-104.25852274378678 -49.60885969763816
-94.63995310474468 -61.091720490216964
-85.69962624129006 -73.13661079371083
-74.26525335697617 -82.5383105170879
-61.7219752440911 -90.76479220924651
-48.00409695895725 -95.12975637668022
-33.00456797741269 -95.28127264780407
-18.005038995868368 -95.43278891892793
-3.0075114754817593 -95.52816550662206
11.943146491812001 -94.30888162105438
26.893804459105535 -93.08959773548673
41.88684681254995 -92.91146000000003
51.3792784307832 -103.19322625855393
54.623336897590775 -117.20107939946263
66.0764183815467 -118.26524228521207
80.79594713738089 -115.37659207191523
94.50118191647285 -109.83666518486058
105.81955664129696 -100.5911207184104
113.50474073042786 -87.70908779015022
128.21692720900762 -89.27594250367565
130.4666808424369 -84.03778818373083
135.43369160698867 -78.42364479216867
150.37694068324072 -77.11668882745684
150.17333131529742 -72.14528592344128
156.47648845883728 -69.78336501532459
171.47523181510422 -69.99906059117622
186.4530563011647 -70.69044269964238
197.3083042367822 -66.595082045192
199.70312631346667 -51.78719043059584
186.2588479277298 -45.18634057209274
172.7802772414601 -38.60325929476966
159.30170655519063 -32.02017801744668
145.82313586892099 -25.437096740123597
132.3445651826513 -18.85401546280052
119.06726895441298 -11.914341678534818
106.46600227537648 -3.7769646482863397
93.86473559633998 4.3604123819621385
81.13424827059434 12.27581135655705
67.83577664246243 19.215514462914168
54.43972449975816 25.95943837706785
40.89255647047922 32.40017321364445
27.34538844120069 38.840908050220854
13.798220411921754 45.28164288679746
0.2510523826428184 51.72237772337405
-12.697228559450394 59.21556740644062
-24.808999249855326 59.61477437728737
-36.826638417593244 54.035540697197284
-49.95545880873348 61.291083542896516
-63.23478756198338 68.25946426657224
-76.67151178912749 74.92754261736334
-90.23418379920113 81.33239015994062
-103.85702848945581 87.61147682870158
-116.82286110024204 95.12359109005656
-129.6324696780977 102.92889409062755
-141.61918335093324 111.64499297992691
-150.6800657484484 123.59945813011291
-158.14450040757282 136.52219493572073
-164.55847293055936 150.08205420206218
-170.87320901935806 163.68786731555684
-175.9417777012648 177.57996217228424
-175.60335052667472 192.57643822154702
-172.32648138379915 206.9668324094957
-165.45002767529166 220.00360714708995
-154.39133767646615 230.13840869218635
-148.040472593666 237.69699827491954
-162.53823006499098 233.8468222852748
-176.92152032137122 229.8255938608965
-186.00993835010047 217.89204935041354
-195.39618839984115 206.2107649815716
-205.67146734037593 195.28247739646403
-199.72767182137758 203.260313230923
-190.48950176843286 215.07830971600762
-181.25133171548788 226.8963062010926
-167.3520782828865 231.67021447939803
-152.86291990235827 235.55262562101865
-138.24530760039076 238.6978920425426
-123.29696350395722 239.94522344326592
-108.34861940752413 241.1925548439892
-93.43687572624184 242.79575536075086
-78.54757442334743 244.61716513349205
-63.658273120453025 246.4385749062332
-52.252707646535725 239.35218698930814
-42.54949747329992 227.9129326787064
-31.501033499633795 218.27480726048765
-17.778229400999496 212.21729337118302
-3.723495200027175 207.0372182456571
10.572657623011512 202.49531982000565
24.74403856435621 197.65038445456923
38.09360467511347 190.8094845500881
51.44317078587032 183.96858464560714
65.36732743275145 178.41906513523926
79.38625752864994 173.0825469993269
92.9927707328008 167.06856088448075
104.17113940145764 157.0659161963894
113.17491349967047 147.53289373450963
98.75947827060237 143.60682096654992
83.78622921220519 142.7064657678549
68.81298015380798 141.80611056915987
53.84327056509613 141.08651560603522
38.91674531347755 142.5723388665212
23.974400373355795 143.82049665205406
8.982630236445637 144.32612004020442
-6.009139900464973 144.8317434283548
-20.77165660094452 143.22173185969075
-35.307131068321624 139.51649113109573
-49.79723230144999 135.63826821922314
-64.13594948472566 131.3810949161817
-77.18696299917568 123.9865108782359
-90.23797651362608 116.5919268402899
-103.8025042294348 120.94201593146092
-117.44910865443634 127.16929579638919
-129.60470195007116 135.85004509493058
-141.41751354625043 145.09484412150672
-147.65192219203087 153.56157308980016
-133.76026476502733 159.22113851299213
-119.86860733802378 164.88070393618406
-105.31333919798638 167.74826830296055
-90.36081666025348 168.94446920882964
-75.38936437140342 169.66667
-60.389070146002496 169.66667
-45.38877592060112 169.66667
-30.441418784904418 168.73197901655897
-15.537047606198502 167.0383005890022
-0.6326764274925836 165.34462216144544
14.271694751213332 163.6509437338887
10.851492588071176 164.2618612148247
-4.008116229030694 166.31145938308094
-18.869515633453055 168.3400905549177
-33.86148321702278 168.83982530636462
-48.85345080059251 169.33956005781155
-63.83820394983701 169.98988869384655
-78.80928633411287 170.92558046565054
-93.7803687183892 171.86127223745459
-108.18347397838436 169.44905561250076
-122.00828255368661 163.62810253719962
-136.07236089457504 158.43368867467552
-150.2580376305894 153.55768596857368
-158.6593674440139 146.4011164175592
-151.61817885126743 133.15609886188992
-144.57699025852094 119.91108130622064
-135.20379442089902 108.83756181422355
-122.49365631874089 100.8713069681445
-109.37828188085933 93.92000822979328
-94.67663232620548 90.94169877294613
-85.17509155922308 96.28689254757228
-81.04411035461689 110.31315131016297
-66.06459166301234 109.52394498956009
-51.0850729714078 108.7347386689572
-36.10555427980326 107.94553234835432
-21.63454706900987 110.82770857093286
-7.4334541026589385 115.65862829803136
7.26739432082287 118.49438649134353
22.0689348802858 120.92815392377904
36.87047543974872 123.36192135621455
51.758944690812484 124.90835381300978
66.75139515725937 125.39338562612456
81.7438456237067 125.87841743923934
95.89022472065291 129.85827760317562
109.67864889343728 135.74358277160522
123.68311226568493 134.88313080581122
137.59919788113217 129.33241482150572
150.72768269211636 122.07626478058422
163.85616750310052 114.82011473966274
175.52620114028218 105.5328908209617
180.47097840486197 99.68075444270171
167.14188477674537 106.56145861462426
153.8127911486292 113.44216278654659
140.48369752051264 120.32286695846912
127.15460389239604 127.20357113039167
113.99492566928508 134.4026397571587
100.84189968785462 141.61420923823727
97.7779402097264 131.39783917566075
107.50024920385714 121.65606031753511
120.00782202667313 113.37539313846283
132.5153948494891 105.09472595939054
145.0229676723051 96.81405878031826
157.53054049512107 88.53339160124598
170.03811331793707 80.2527244221737
182.46275877576068 71.8705712242393
193.06956854233542 61.263761457664565
203.67637830891016 50.65695169108983
214.28318807548425 40.050141924515735
224.889997842059 29.443332157940993
235.49680760863373 18.83652239136626
246.10361737520847 8.229712624791517
242.68785131103334 10.382474270126554
231.12993279257552 19.944029916008702
219.57201427411772 29.505585561890854
208.0140957556599 39.067141207773005
196.45617723720207 48.62869685365515
184.89825871874427 58.1902524995373
173.10040146519194 67.43282394491939
160.70878108745757 75.88602282242891
148.3171607097239 84.33922169993792
135.9255403319895 92.79242057744744
123.53391995425514 101.24561945495697
111.14229957652074 109.69881833246649
98.75067919878634 118.15201720997602
85.45638418884867 123.87508013149947
76.91627340399657 122.33588197870324
89.29196441545389 113.85937923066244
101.6676554269112 105.38287648262163
114.0433464383685 96.90637373458082
126.41903744982582 88.42987098654001
138.7947284612831 79.9533682384992
151.1704194727397 71.4768654904589
163.54611048419702 63.0003627424181
175.359184028171 53.82950196891487
186.2174341187053 43.48023958843479
197.07568420923963 33.130977207954714
207.93393429977397 22.781714827474644
218.79218439030828 12.432452446994574
229.6504344808426 2.083190066514497
240.5086845713769 -8.26607231396558
251.36693466191122 -18.61533469444565
250.7448998358565 -18.778207373534265
239.17692942087115 -9.228815386259107
227.6089590058865 0.32057660101547114
216.04098859090115 9.869968588290625
204.4730181759158 19.419360575565783
192.90504776093044 28.96875256284094
181.3370773459451 38.51814455011609
169.76910693095977 48.06753653739125
158.2011365159744 57.616928524666406
145.51657271727757 65.60516217398303
132.74144738719932 73.46677776172349
119.96632205712109 81.32839334946394
107.19119672704286 89.1900089372044
94.41607139696463 97.05162452494484
81.64094606688717 104.91324011268482
68.86582073680893 112.77485570042526
56.0906954067307 120.63647128816572
41.588793971777 121.68085907405789
31.647086144947036 119.55884211822708
44.379558342461294 111.62833276585022
57.112030539975564 103.69782341347337
69.84450273748982 95.76731406109653
82.57697493500407 87.83680470871968
95.30944713251834 79.90629535634284
108.0419193300326 71.975786003966
120.77439152754687 64.04527665158915
133.50686372506036 56.11476729921279
146.21888721100174 48.1555870684132
157.8635049453177 38.69981080888457
169.50812267963363 29.24403454935594
181.15274041394957 19.78825828982731
192.79735814826552 10.332482030298685
204.44197588258146 0.8767057707700516
216.0865936168974 -8.579070488758575
227.73121135121335 -18.034846748287208
229.6236975748326 -20.295225222175766
217.15348611795082 -11.958400102907289
204.68327466106905 -3.621574983638812
192.21306320418805 4.715250135629159
179.74285174730628 13.052075254897638
167.2726402904245 21.388900374166113
154.80242883354273 29.725725493434588
142.33221737666096 38.06255061270306
129.8620059197792 46.399375731971546
117.39179446289742 54.736200851240014
104.32039983548954 62.0832401002681
91.17347786438447 69.3059313946739
78.02655589327941 76.52862268907971
64.87963392217435 83.75131398348552
51.73271195106929 90.97400527789132
38.58578997996503 98.19669657229669
25.43886800885997 105.4193878667025
12.291946037754911 112.6420791611083
-0.604566644684505 109.7049057400054
12.35749271639386 102.37312207881945
25.445339669072393 95.04392778531948
38.53318662175093 87.71473349181949
51.62103357442946 80.38553919831952
64.708880527108 73.05634490481954
77.79672747978653 65.72715061131956
90.88457443246506 58.39795631781958
103.71399915247582 50.65335819872583
116.07278765862179 42.15223042007568
128.4315761647685 33.65110264142501
140.7903646709152 25.14997486277434
153.14915317706192 16.648847084123666
165.50794168320863 8.147719305472997
177.86673018935534 -0.3534084731776659
190.22551869550205 -8.854536251828335
202.58430720164878 -17.355664030479005
214.37505236710237 -25.500891389136726
201.33428758081658 -18.088248092890947
188.29352279453082 -10.675604796645167
175.25275800824582 -3.2629615003998396
162.21199322196006 4.1496817958459395
149.17122843567427 11.562325092091719
136.1304636493885 18.9749683883375
123.08969886310273 26.387611684583277
110.04893407681695 33.80025498082906
97.00816929053117 41.21289827707483
83.98794763239592 48.66131112725336
71.01361601612865 56.18962740380139
58.0392843998614 63.717943680349414
45.064952783594144 71.24625995689743
32.09062116732689 78.77457623344546
19.11628955106042 86.30289250999303
6.141957934793169 93.83120878654105
-6.832373681474095 101.35952506308908
-19.806705297741345 108.8878413396371
-21.22711732878268 94.2742239102057
-8.847863942045503 87.30810492913936
4.80101665993617 81.08581554648782
18.449897261917847 74.8635261638363
31.848464991875844 68.13531231345902
45.075492993279425 61.0603877839182
58.302520994683015 53.98546325437738
71.52954899608659 46.910538724836556
84.58136050578811 39.540242547153625
97.13137830797612 31.324046346150833
109.68139611016413 23.107850145148042
122.23141391235214 14.891653944145247
134.78143171454016 6.675457743142452
147.33144951672818 -1.5407384578603356
159.88146731891618 -9.75693465886313
172.43148512110417 -17.973130859865925
162.45337492557476 -12.758583539526555
149.25751719540318 -5.6256903247307655
136.06165946523163 1.5072028900650238
122.86580173506003 8.640096104860813
109.66994400488926 15.772989319656169
96.47408627471768 22.905882534451962
83.2782285445461 30.038775749247748
70.02067243462315 37.054435242150625
56.66976347206971 43.89271402574968
43.31885450951627 50.73099280934874
29.96794554696283 57.5692715929478
16.526652788810622 64.22070199279274
2.877767006237139 70.4429800115634
-10.77111877633634 76.66525803033407
-24.420004558909817 82.88753604910474
-20.47387440406297 68.88020016376244
-14.647972632824555 55.385713007669644
-4.468415459717649 44.368206819422824
8.022657438258829 36.52959139801314
21.734915608114825 30.490673933039602
36.127796843581365 26.26529861357157
49.05751624392916 19.08513511475798
61.43378065038526 10.646019987697295
74.44283175070434 3.177859818157529
87.45188285102343 -4.2903003513822355
100.65391938817379 -11.40223517610523
114.01519921214705 -18.220228158948025
127.37647903612029 -25.038221141790814
140.73775886009275 -31.856214124633194
154.53397880720428 -37.72322812127546
168.4301458797012 -43.37171177105792
182.32631295219815 -49.020195420840366
196.22248002469507 -54.668679070622815
210.11864709719202 -60.317162720405264
205.60153068313403 -69.1333627643537
194.391856987517 -79.10091223683668
179.86467998681815 -80.59236300133372
164.86718557303507 -80.88217010468351
156.13249421281662 -90.75790356037741
154.70433657761066 -103.97126838162826
151.40423036644586 -107.21375024263575
137.2370423504238 -102.69540534879512
125.72876388375627 -106.38974536402269
130.58022478713653 -120.58383406149056
130.3617296949996 -135.00672576791138
122.3726811435972 -122.31090243533703
118.67076069924404 -108.58272983601054
113.9797051537165 -103.11657965460263
101.01485500535162 -110.6612126794128
87.91237178846578 -117.85559013175732
73.2795461211541 -121.15547495378877
58.646720453842406 -124.45535977582023
48.98933575763077 -113.20510981561947
35.69585700729023 -109.60434181665022
20.695594057883714 -109.6349734550999
5.695331108477198 -109.66560509354956
-9.25525831535071 -110.1045341541585
-23.82529882314924 -113.6714300665348
-12.719336132445074 -123.00536910378965
-1.074134100828612 -132.46042576630845
12.943013654542055 -136.93945419031039
27.621054680174915 -140.0320159921902
42.29909570580778 -143.12457779407
56.96911641255804 -146.2540041121868
71.60526979550426 -149.53909787027908
86.24142317845136 -152.82419162837158
92.75442922023899 -142.08896950428675
94.95516585889298 -138.21380354350822
93.1557595610198 -153.10578003502144
91.29725759602435 -167.98973039465238
89.0596129069167 -182.82218713970724
96.81955232154306 -195.15401232237505
99.14085884790667 -197.1999957268479
88.58099101748665 -189.83882187686515
79.25146012258519 -201.58482886348375
69.9219292276837 -213.33083585010232
58.031884070077076 -222.3542607623957
45.73610389221845 -230.9462696466084
34.7281458510096 -241.1193620831619
23.826066523477017 -251.42244381557578
11.71692148431559 -259.4657404297956
-2.9085198859376824 -262.7982007182164
0.28486808660800733 -274.0752065426075
7.581087957611793 -287.1814646829991
14.609509548252818 -300.4138967828202
19.053264033154452 -314.18546525293726
14.37412563212068 -322.27641524168837
29.29085344422561 -320.6952579983423
32.53453347512666 -326.1381886782577
24.151454883844536 -338.57735344849044
12.363953010619786 -347.50352183363964
-1.2676728240195505 -352.6398016779966
-13.061709745655145 -355.0530640049809
-2.217678687543852 -363.2635050050769
12.522362457687262 -360.48141696090954
25.295963362313444 -354.04977117209336
35.726485405371015 -343.269556111256
46.15700744842859 -332.4893410504186
49.613369464275685 -318.3965472121698
51.37854220281115 -303.5004741708709
43.90452506585482 -292.1641193546153
32.764019091544604 -282.1876402015718
34.69512631668406 -280.73776261199083
44.37349825758354 -292.19803937227124
54.051870198483016 -303.65831613255165
53.67893437397822 -317.7406225843204
50.83206815192139 -332.468289730285
60.19243545452187 -343.08514991081296
71.36824116401621 -353.09065807343234
82.54404687351055 -363.0961662360517
93.71985258300491 -373.1016743986711
105.41795284207659 -382.45730275941014
117.59353659135164 -391.2188087494214
129.79797692380694 -399.9357147404413
142.77973173137542 -407.4512233037245
155.76148653894393 -414.96673186700764
169.20320039677017 -421.4763598149662
183.37954271633063 -426.37943489977306
197.55588503589112 -431.28250998457986
212.07884314577757 -435.0197200690646
226.33991130678882 -439.5549170157973
240.25294678692492 -445.16172275321
254.16598226706103 -450.76852849062266
268.46085927648795 -454.3967887228203
283.46112956608204 -454.3699915638779
298.4613998556762 -454.34319440493545
313.4397974434511 -454.97650437468207
328.40539135623067 -455.99622280954026
343.37098526901025 -457.0159412443985
358.3588655048884 -456.77060264553813
373.35109036246325 -456.27864668355403
388.34331522003816 -455.7866907215699
403.34105966649656 -455.7815591842516
418.3405846542016 -455.93347031556664
433.34010964190674 -456.0853814468817
448.1707055304889 -455.1479759054644
462.4197106126128 -450.4602599351639
476.6687156947367 -445.7725439648634
490.9177207768606 -441.08482799456294
504.81686990321043 -435.52353297767536
518.3626316393502 -429.07984103622346
531.2072825479964 -421.37039068800976
543.8549831623457 -413.305373885894
556.6428387289108 -405.46758951685814
569.526479461583 -397.78510109707975
582.4732028117753 -390.25143379923793
596.6096787941984 -389.0530327097552
609.6600032453917 -396.44883277243935
622.710327696585 -403.8446328351235
635.3953970131182 -411.5589538942317
640.9468118304201 -425.49418336399106
646.498226647722 -439.42941283375035
649.8448651801451 -454.00589999975676
650.7932738355661 -468.17801486293246
640.1955206330299 -478.7938734672439
629.5977674304936 -489.4097320715553
618.1600950497011 -498.79169541786035
604.3974347568897 -504.75810208463025
590.6347744640781 -510.7245087514001
576.8721141712666 -516.69091541817
563.109453878455 -522.6573220849399
549.3467935856436 -528.6237287517098
535.5269606687399 -534.4075413037029
520.8192140583355 -537.355594304032
506.1114674479311 -540.303647304361
491.40372083752845 -543.2517003046896
476.8348267162871 -546.8141636315885
462.28868132306565 -550.4772881241316
447.7425359298442 -554.1404126166748
433.19639053662274 -557.8035371092179
418.6502451434013 -561.4666616017611
403.7558659611977 -562.4142233295381
388.7560987090525 -562.5399580903794
373.75633145690733 -562.6656928512208
358.7565642047622 -562.7914276120621
343.75679695261704 -562.9171623729034
328.7570297004719 -563.0428971337448
313.87365080640365 -561.894020590918
299.14472473944477 -559.0536748790964
284.41579867248583 -556.213329167275
269.64475139935996 -553.6255422752071
254.79124267474236 -551.5321943785783
239.93773395012477 -549.4388464819494
225.0842252255072 -547.3454985853207
210.5580824751972 -543.9672886505663
196.51379785290095 -538.697858292686
182.46951323060466 -533.4284279348058
168.4301366717816 -528.1460307064903
154.41660427796234 -522.7953544225069
140.40307188414477 -517.4446781385241
126.38953949032549 -512.0940018545407
114.60954099906694 -502.9996378988844
103.24477843889323 -493.2092855661295
91.88001587871952 -483.41893323337456
80.47656120242773 -473.67616377758935
68.57426609967217 -464.5468594155073
56.67197099691663 -455.41755505342525
44.76967589416107 -446.2882506913432
32.839752813505974 -437.1950817831266
20.909277662181662 -428.10263494455523
8.97880251085735 -419.01018810598384
-1.7032416200996652 -408.58750192339227
-11.533631788558184 -397.25735382266225
-21.364021957016703 -385.9272057219322
-31.194412125475225 -374.5970576212021
-40.04007414755871 -362.49172850461423
-51.04760042154921 -353.1042313134885
-63.29722565766108 -360.03715129774406
-65.45733803812638 -374.6433406393147
-62.85638504342452 -388.7482691402577
-59.55332005314098 -402.3194441169266
-70.72010095529954 -395.3287841453173
-74.31392552010381 -381.15608584985654
-75.86971970282644 -366.44477535325854
-71.51052976630056 -352.0918561398752
-68.0785783686138 -337.52728889450844
-74.51283231833688 -324.5134233898512
-82.51126247281812 -311.8235084211648
-90.76151954849827 -299.31846441147286
-100.47215019921312 -287.8855085725832
-110.09000034199096 -276.37983743430505
-118.87111995962493 -264.2183915864868
-127.65223957725891 -252.0569457386686
-136.35028834440376 -239.8427237088258
-143.62848995294436 -226.7264510601635
-150.90669156148493 -213.61017841150118
-158.18489317002553 -200.4939057628389
-167.50091830369425 -188.77134185089537
-177.0850796595763 -177.2321617260764
-190.0106655031632 -180.94198973070422
-194.24308421645787 -194.96224194039348
-188.6771493441128 -207.8447797495208
-175.74285968179146 -215.44168555252816
-189.4890680877965 -211.61832541768638
-202.69076667560128 -206.52573931298278
-203.5361974128853 -191.54928867482917
-202.89487253582126 -176.78511250025093
-197.89207495024604 -162.64365418908775
-196.90748846816723 -148.0915752475649
-203.3640052534125 -134.55192171246816
-209.82052203865777 -121.01226817737145
-217.93791512389828 -108.4931550288486
-227.09928011102807 -96.61551980877192
-236.26064509815785 -84.73788458869525
-245.42201008528764 -72.86024936861858
-255.57058234549558 -61.85220828268493
-266.19733119741505 -51.26537515436719
-276.82408004933455 -40.67854202604944
-284.60908562580016 -27.891411940999173
-295.7637758623282 -21.957524466269298
-310.6911293429103 -23.43500370955782
-308.73272948911034 -10.913567087865566
-304.2923460022666 3.4135377108519
-301.78600599816673 17.438975588256277
-309.8830756469472 30.06617994834381
-317.98014529572765 42.69338430843134
-324.93716777057983 55.9785686851186
-332.0301231929179 69.18791431560516
-339.888573029647 81.96498725944585
-347.747022866376 94.74206020328653
-355.60547270310406 107.51913314712566
-361.340381523056 119.74605181186907
-348.2664822065955 127.10009719598627
-334.45554356770276 132.5283893630443
-319.81245001523484 135.78240811871862
-305.1693575360562 139.03643170419375
-290.4577907825713 141.66667
-276.2791157186408 141.20147713559868
-285.4711770103519 129.93108149482407
-298.201014965173 122.05546184253075
-311.9062224812343 116.43346854396894
-326.348752545831 112.38108758776251
-340.9619532135204 109.31224363124092
-353.4171277710454 108.49993963052727
-338.54841761637925 110.48243431781609
-323.7220702778862 112.64820657403791
-309.4915416804047 117.39171610653176
-296.06816117005303 123.69810630294579
-283.9624585405755 132.5559158908328
-272.4447693007109 138.73397074288144
-265.1599963612493 125.62134667029042
-257.8752234217877 112.50872259769938
-250.59045048232613 99.39609852510836
-243.93694138580187 85.97364117027045
-238.0203871414966 72.18947588097046
-232.10383289719059 58.405310591668794
-223.593730611447 46.0555189353252
-215.06306872340647 33.7170978612757
-205.91714056106846 22.545258768104365
-190.9170188206024 22.473323937708447
-187.77988847472375 14.46435778001372
-186.4509838662034 1.1254987693148548
-178.67554251693628 -11.702257802772266
-170.81346924228495 -24.47646997451362
-162.81663772891167 -37.16739242307244
-154.81980621553836 -49.85831487163128
-146.76907862320502 -62.51502820869494
-138.68899508035923 -75.15310863213107
-130.60891153751348 -87.7911890555672
-120.04132089971402 -97.45359848916948
-106.85812131722896 -100.16916390756624
-93.6101320879581 -93.87792816178653
-78.7639100573826 -95.80140800481601
-63.77539500261531 -95.20706525722298
-65.69668285882975 -95.14429182517362
-80.69293412077815 -95.49253733787087
-95.68918538272655 -95.84078285056812
-105.42781822376763 -105.46805905668059
-103.97743288309881 -118.13663209400221
-97.38066238793758 -131.38735493172987
-94.26820993911916 -146.0611910560177
-89.45127710439996 -159.8714310445133
-82.40804301524923 -171.51181844945572
-88.5904715378571 -185.17880072102776
-100.26008254598977 -193.4046200165907
-113.87451235192748 -199.70193118150945
-127.8865122786045 -204.19269999999995
-128.29047832240843 -205.0662940048242
-113.39726423890338 -206.8554281841138
-98.61160212879662 -208.24365113409405
-86.61363434414619 -199.24045193119395
-74.68411382098274 -190.15214650016063
-63.31735812719929 -180.36410829802622
-65.64226431771068 -166.02300847972595
-68.88369845914416 -151.37712402178502
-74.1283272871388 -137.5260789472002
-75.05807710705177 -125.25857994712064
-60.61277659193458 -121.21604115614296
-46.16764137302911 -117.1729124798289
-31.72547459991318 -113.49540233087247
-17.93847324094279 -118.59928599718819
-21.858969292890283 -119.13407997388127
-35.27474831016143 -113.07872757005637
-49.56047398885007 -117.65331702506312
-63.84619966753872 -122.22790648006988
-76.20842211742146 -127.80197679325948
-71.7402820241698 -142.12135355887614
-67.27214193091814 -156.4407303244928
-62.80400183766648 -170.76010709010944
-64.59168107472749 -185.56554051869728
-58.232049243029444 -197.8333014558435
-48.22263894886353 -209.0056124259009
-38.8413916678348 -220.61843252209903
-31.747508070156716 -233.8353021344994
-22.890513354716262 -245.8438650802808
-13.295703379228033 -257.3623228404461
-3.0894716035658245 -264.3489962780632
10.883905690761193 -258.8943144505866
2.685985282503877 -261.9118357147653
-6.206256020824712 -268.8150315406347
2.188542866613428 -281.2462896623243
10.583341754051567 -293.6775477840138
17.699224288887656 -306.3389772660344
14.165400090840045 -320.91707430871867
25.529807291870654 -321.59184503385137
34.45294409635057 -322.7079467193251
25.620369274126926 -334.83207344492575
16.78779445190328 -346.9562001705265
5.398358144013622 -354.5881164903114
-9.536129666457708 -355.9916479960077
-4.9989540856324215 -357.6012751546011
9.902480182018387 -359.3206016551527
24.803914449669193 -361.0399281557043
33.6989481062469 -349.9635413234634
41.89654094525922 -337.4013640243491
50.09413378427154 -324.83918672523487
49.99827150340079 -310.69492384866066
47.00087179289636 -295.9971545681177
38.91171408041858 -284.43967615006835
32.50705739140968 -274.7601444323413
42.781168284999616 -263.83075871333466
53.05527917858956 -252.90137299432809
63.32939007217949 -241.9719872753215
73.99746401175872 -231.43551436707347
84.89938533718737 -221.13226544924282
95.80130666261601 -210.8290165314122
106.70322798804466 -200.5257676135816
119.0139146867287 -191.97435190496915
129.30426291670224 -181.8481393309065
133.7391912085793 -168.40292391363155
119.4316402050049 -163.89705983126754
120.78568207727656 -160.6281257151858
134.53049454517884 -163.47392456767997
140.4522770489192 -159.0756594912682
140.72958633330728 -144.07792878261066
150.50880841545518 -150.81528282159402
162.4675939898298 -155.02151382047958
175.86929397242957 -148.28331937203885
189.27099395502935 -141.54512492359808
185.5988258478067 -128.24854460873647
175.83386476538737 -117.33841292386059
171.93106737194424 -113.78438639381989
183.65381291045864 -123.14312903841933
195.37655844897304 -132.50187168301878
207.09930398748742 -141.86061432761824
220.84296593900754 -144.53849584223317
235.78751005521215 -143.24643237342374
250.09275006208327 -145.9817673958835
263.90254187773974 -151.8382575441572
276.78073268873635 -159.3866610922021
289.1138574732207 -167.92497825069125
301.52428171859646 -176.34952114573096
314.0052809439958 -184.67018729599718
326.4862801693936 -192.9908534462624
335.18687131304085 -198.48249012069724
323.6838495270235 -188.85496101718272
312.18082774100617 -179.22743191366817
300.6778059549888 -169.59990281015365
289.1747841689714 -159.97237370663913
277.67176238295406 -150.34484460312459
266.1687405969367 -140.71731549961007
254.66571881091932 -131.08978639609552
243.08328032613645 -121.56246024460233
231.08304494581535 -112.56228370936151
219.08280956549424 -103.56210717412068
207.08257418517314 -94.56193063887986
198.94216988991627 -88.40497396291816
211.0957744403642 -97.19694321217837
223.24937899081215 -105.98891246143857
235.40298354126008 -114.78088171069878
247.38344829635884 -123.79663343005616
258.945397993796 -133.3533141321901
270.5073476912332 -142.90999483432404
282.06929738867035 -152.46667553645798
293.70900819977214 -161.91951539766433
306.13317088882064 -170.32481184244585
318.31484700267913 -179.04321145949632
329.5609495879752 -188.96964100337283
340.91219122002957 -198.77275951866528
352.49167989671173 -208.30818131506243
364.07116857339395 -217.84360311145954
375.65065725007616 -227.3790249078567
387.2677080698642 -236.86864281087566
398.90540091579976 -246.33278750124302
410.60201721217305 -255.72416621067813
421.63216706249716 -265.8436287763812
431.91668741280307 -276.76148382788625
442.00238098523926 -287.86497931406285
452.0850329159558 -298.9712362160252
462.1650679481058 -310.0798689221348
473.0155980799319 -320.43214130754717
484.7365849102049 -329.36147450844175
498.8824118788145 -334.3042701368804
512.5487255836761 -340.4881763917427
517.8601538538574 -338.75683601268963
519.6644657392806 -331.7990121987679
534.4536480953712 -334.3067825405086
527.1989322445664 -322.7646846894057
536.5779968226763 -321.091916605041
528.2124286646741 -310.40367641704717
518.4778305813751 -298.99112074335005
508.8730242955095 -287.4696680365734
499.37970735609144 -275.8564217433104
489.9744180525673 -264.1747316599787
480.12155047103454 -252.86412481200705
469.5034498391932 -242.30191605714646
458.4147856359682 -232.1999185795812
447.92223221945244 -221.4894954325245
437.59563452320987 -210.60968813328608
425.53521722502023 -201.70039005840553
413.4296062816736 -192.8424551671943
402.21032618835864 -182.9418765229185
391.51882659202283 -172.42043825478453
380.68872181846024 -162.0443953799886
369.6683482597301 -151.86794248742052
358.1261575314813 -142.31706994199666
346.04697798243666 -133.45221673782058
332.45810883040554 -127.09993667334159
318.8692396783744 -120.7476566088626
309.9622367348552 -117.9387639953945
319.7667260939897 -129.2913326587072
329.5712154531242 -140.6439013220199
340.5814351412411 -150.73809943667513
352.34235915641045 -160.04881869772166
364.1032831715798 -169.35953795876821
374.9556270288172 -179.64986580304713
386.0472139261637 -189.71382321840835
396.9939180415701 -199.96416498146596
408.288494943641 -209.82763715499445
419.9172372747799 -219.30293021877858
431.5459796059188 -228.7782232825627
442.64525455666575 -238.79289681367
452.33460192302033 -250.2438956549384
462.64889014425245 -261.12445534690875
472.946555699362 -272.00652564642814
482.5443896958917 -283.534335907864
492.1422236924214 -295.0621461692998
498.0172807406548 -302.6386717157168
487.0809707356752 -292.371931711042
476.1446607306956 -282.1051917063673
465.208350725716 -271.8384517016926
454.2720407207364 -261.5717116970178
443.08865204833 -251.57757054228873
431.79978020054665 -241.69980767547833
420.47994217084425 -231.8579508452176
409.050628222551 -222.14303398916834
397.94714859996776 -212.0703888780173
387.2102087730787 -201.59532563227188
376.26234161061586 -191.3445230602917
365.14962358992733 -181.26899205486743
354.03690556923874 -171.19346104944316
342.8825617989587 -161.16488689243087
331.5470032141878 -151.34073611896275
320.21144462941686 -141.5165853454946
309.0190051041222 -131.53166180948313
297.94835577726474 -121.40992528207059
286.8777064504073 -111.28818875465807
275.03368006516445 -102.24091957420266
262.5117216503296 -94.06275836535698
250.6731723877639 -84.85094105244768
254.426215721497 -85.48170971516551
267.8341951907563 -92.20740026711132
281.2421746600156 -98.93309081905713
294.65015412927494 -105.65878137100293
308.05813359853425 -112.38447192294873
321.4661130677935 -119.11016247489455
334.87409253705283 -125.83585302684035
349.4731973673994 -129.04970558002498
345.51497659985955 -121.57568193725648
335.25612084993605 -110.63197572999452
324.9972651000125 -99.68826952273257
313.9634039483793 -89.55417177571083
302.6204565957241 -79.73973872750072
291.54566818388815 -69.62253118383089
279.06957132784333 -61.47615403471134
265.876416594805 -54.33826253660663
252.50472821487614 -47.607691573784024
238.3150495256623 -42.74334726591768
224.1253708364484 -37.87900295805133
214.43950414257912 -34.44927642982111
228.8284054863138 -38.68818489414007
243.2173068300485 -42.92709335845903
257.6062081737832 -47.166001822778
271.9951095175179 -51.40491028709696
284.9380052858245 -58.776546022074555
297.498382382076 -66.97689687118877
295.85882467186406 -59.27168259316039
289.1296137645103 -45.865469577809506
282.4004028571565 -32.459256562458634
275.44284802008974 -19.170583675560582
268.1622239868204 -6.0670242654441315
260.08646161809975 6.573817835166601
252.01069924937917 19.214659935777334
243.6175151136895 31.616666748961805
233.70859315627155 42.87819828292379
223.79967119885362 54.13972981688577
213.77853672526604 65.30093429493155
203.69200126508844 76.40366500675111
194.4932571946784 88.235367014314
185.56548615776202 100.28956674556973
176.63771512084566 112.34376647682546
167.99625051209006 124.60088183550158
159.58039584229329 137.0178950442197
150.02855686824103 148.55117886361768
140.062912511553 159.7625462826533
129.73731032332137 170.6355766746657
119.16394536764918 181.27572612675417
108.3575364548859 191.66776240936102
97.07660058572806 201.55458762095307
85.62960924611984 211.24775724512475
74.13750736837082 220.8883184984983
64.7206091551698 232.55614175731216
56.39348644364783 244.94726874530727
50.00928501281787 258.50538212381775
37.32308251325584 259.68526637198056
22.55086063741598 257.07944832392684
7.7677594268873 254.5427596144243
-7.090775709705962 252.48539225703763
-21.949310846299223 250.42802489965095
-17.610864724472783 252.0886221876183
-3.058603425443117 255.7273744371302
11.758046407031184 257.9312081069068
26.651549348863377 259.7179361136954
41.54505229069557 261.504664120484
50.30524980066446 268.2753775144694
49.007333960657306 283.2194144965189
45.09755081854815 297.2301482256142
36.630859663960976 309.61255379728885
28.164168509373813 321.9949593689636
19.317469949082312 334.05424650074895
8.4572725163415 344.40146538170944
-2.4029249163993143 354.7486842626699
-13.291887001876061 365.0656260640897
-24.181565121352794 375.38181418290577
-36.44361386084013 383.8145074976417
-49.60036969303248 391.01927000730814
-63.11964429451826 397.50726819757375
-76.89903682690822 403.21566145124046
-91.7773406266647 405.12482432820036
-106.42661097478182 408.25473840373525
-120.98511907402225 411.86841641553576
-135.76173494716627 410.7223831792589
-150.45868981576595 407.78875397841915
-165.0414498633097 404.2742218268573
-178.72793556906416 398.14413004842936
-192.40141755930122 391.97609007520686
-205.02402084537107 384.12195117605205
-198.207196873133 373.6516999874937
-190.40835454784326 365.830936225224
-200.77265028916912 376.67483776641035
-213.61879217116254 381.71353999999997
-228.61536042899263 381.8191747582552
-243.5783765132961 382.87604585232356
-258.5389346930537 382.03291342205074
-271.84899999999993 376.16146000000003
